3
10
279
658
-0.991799
3.97791
351
690
0,60,3,4,0,rect 80,60,3,6,0,rect 0,0,0,0,0,No 240,60,3,5,0,rect 0,0,0,0,0,No 400,60,3,12,0,rect 0,0,0,0,0,No 560,60,3,2,0,rect 655,65,0,1,0,reward 720,60,3,1,0,rect 
0,120,3,8,0,rect 80,120,3,12,0,rect 160,120,3,10,0,rect 0,0,0,0,0,No 320,120,1,3,0,rect 400,120,3,6,0,rect 0,0,0,0,0,No 560,120,3,6,0,rect 640,120,3,4,0,rect 720,120,3,11,0,rect 
0,180,3,12,0,rect 0,0,0,0,0,No 0,0,0,0,0,No 0,0,0,0,0,No 320,180,3,7,0,rect 400,180,3,8,0,rect 0,0,0,0,0,No 575,185,0,3,0,reward 0,0,0,0,0,No 0,0,0,0,0,No 
0,240,3,13,0,rect 80,240,3,9,0,rect 160,240,3,13,0,rect 240,240,3,6,0,rect 320,240,3,3,0,rect 400,240,3,12,0,rect 480,240,3,5,0,rect 0,0,0,0,0,No 640,240,3,6,0,rect 0,0,0,0,0,No 
0,300,2,13,0,rect 80,300,3,12,0,rect 160,300,3,15,0,rect 0,0,0,0,0,No 320,300,2,2,0,rect 400,300,3,9,0,rect 480,300,3,4,0,rect 560,300,3,6,0,rect 640,300,1,8,0,rect 720,300,3,15,0,rect 
